function [id_f, f_f, w_f, mindex_f] = add_fake(id, f, w);

% function [id_f, f_f, w_f, mindex_f] = add_fake(id, f, w);
%
% Add fake channel info to AIRS channel info arrays.
%
% Input:
%    id = [1 x 2378 integer] AIRS channel IDs {1 to 2378}
%    f  = [1 x 2378 float] AIRS channel center freqs {cm^-1}
%    w  = [1 x 2378 float] AIRS channel widths {FWHM, cm^-1}
%
% Output:
%    id_f = [1 x n integer] AIRS channel IDs
%    f_f  = [1 x n float] AIRS channel center freqs {cm^-1}
%    w_f  = [1 x n float] AIRS channel widths {FWHM, cm^-1}
%    mindex_f = [1 x n integer] module/array index {1 to 17}
%
% Note: n - 2378 = number of fake channels added
%

% Created: 14 March 2008, Scott Hannon
%%%%%%%%%%%%%%%%%%%%%%%%%%%%%%%%%%%%%%%%%%%%%%%%%%%%%%%%%%%%%%%%%%%%%%%%%%%%%%%

% Fake channels
%        fake  real
%        ID    ID    delta freq       width
%        ----  ----  -------------  -------------
ifake = [2379     1 -2.3843000E-01  4.1375809E-01;
         2380   131 -5.3532500E+00  4.6718749E-01;
         2381   131 -5.0983300E+00  4.6718749E-01;
         2382   131 -4.8434200E+00  4.6718749E-01;
         2383   131 -4.5885000E+00  4.6718749E-01;
         2384   131 -4.3335800E+00  4.6718749E-01;
         2385   131 -4.0786700E+00  4.6718749E-01;
         2386   131 -3.8237500E+00  4.6718749E-01;
         2387   131 -3.5688300E+00  4.6718749E-01;
         2388   131 -3.3139200E+00  4.6718749E-01;
         2389   131 -3.0590000E+00  4.6718749E-01;
         2390   131 -2.8040800E+00  4.6718749E-01;
         2391   131 -2.5491700E+00  4.6718749E-01;
         2392   131 -2.2942500E+00  4.6718749E-01;
         2393   131 -2.0393300E+00  4.6718749E-01;
         2394   131 -1.7844200E+00  4.6718749E-01;
         2395   131 -1.5295000E+00  4.6718749E-01;
         2396   131 -1.2745800E+00  4.6718749E-01;
         2397   131 -1.0196700E+00  4.6718749E-01;
         2398   131 -7.6475000E-01  4.6718749E-01;
         2399   131 -5.0983000E-01  4.6718749E-01;
         2400   131 -2.5492000E-01  4.6718749E-01;
         2401   274  3.0271000E-01  5.3388530E-01;
         2402   275 -3.0237000E-01  5.4880440E-01;
         2403   442 -7.0456900E+00  6.4119325E-01;
         2404   442 -6.7101800E+00  6.4119325E-01;
         2405   442 -6.3746700E+00  6.4119325E-01;
         2406   442 -6.0391600E+00  6.4119325E-01;
         2407   442 -5.7036500E+00  6.4119325E-01;
         2408   442 -5.3681500E+00  6.4119325E-01;
         2409   442 -5.0326400E+00  6.4119325E-01;
         2410   442 -4.6971300E+00  6.4119325E-01;
         2411   442 -4.3616200E+00  6.4119325E-01;
         2412   442 -4.0261100E+00  6.4119325E-01;
         2413   442 -3.6906000E+00  6.4119325E-01;
         2414   442 -3.3550900E+00  6.4119325E-01;
         2415   442 -3.0195800E+00  6.4119325E-01;
         2416   442 -2.6840700E+00  6.4119325E-01;
         2417   442 -2.3485700E+00  6.4119325E-01;
         2418   442 -2.0130600E+00  6.4119325E-01;
         2419   442 -1.6775500E+00  6.4119325E-01;
         2420   442 -1.3420400E+00  6.4119325E-01;
         2421   442 -1.0065300E+00  6.4119325E-01;
         2422   442 -6.7102000E-01  6.4119325E-01;
         2423   442 -3.3551000E-01  6.4119325E-01;
         2424   608  4.0898000E-01  7.5965840E-01;
         2425   609 -3.0666000E-01  5.7225124E-01;
         2426   770 -7.1189500E+00  6.4559600E-01;
         2427   770 -6.7799600E+00  6.4559600E-01;
         2428   770 -6.4409600E+00  6.4559600E-01;
         2429   770 -6.1019600E+00  6.4559600E-01;
         2430   770 -5.7629600E+00  6.4559600E-01;
         2431   770 -5.4239600E+00  6.4559600E-01;
         2432   770 -5.0849700E+00  6.4559600E-01;
         2433   770 -4.7459700E+00  6.4559600E-01;
         2434   770 -4.4069700E+00  6.4559600E-01;
         2435   770 -4.0679700E+00  6.4559600E-01;
         2436   770 -3.7289800E+00  6.4559600E-01;
         2437   770 -3.3899800E+00  6.4559600E-01;
         2438   770 -3.0509800E+00  6.4559600E-01;
         2439   770 -2.7119800E+00  6.4559600E-01;
         2440   770 -2.3729800E+00  6.4559600E-01;
         2441   770 -2.0339900E+00  6.4559600E-01;
         2442   770 -1.6949900E+00  6.4559600E-01;
         2443   770 -1.3559900E+00  6.4559600E-01;
         2444   770 -1.0169900E+00  6.4559600E-01;
         2445   770 -6.7799000E-01  6.4559600E-01;
         2446   770 -3.3900000E-01  6.4559600E-01;
         2447   936  4.0644000E-01  7.4764222E-01;
         2448   937 -4.0644000E-01  7.5811509E-01;
         2449  1104 -9.4303000E+00  8.8852632E-01;
         2450  1104 -8.9812000E+00  8.8852632E-01;
         2451  1104 -8.5322000E+00  8.8852632E-01;
         2452  1104 -8.0831000E+00  8.8852632E-01;
         2453  1104 -7.6340000E+00  8.8852632E-01;
         2454  1104 -7.1850000E+00  8.8852632E-01;
         2455  1104 -6.7359000E+00  8.8852632E-01;
         2456  1104 -6.2869000E+00  8.8852632E-01;
         2457  1104 -5.8378000E+00  8.8852632E-01;
         2458  1104 -5.3887000E+00  8.8852632E-01;
         2459  1104 -4.9397000E+00  8.8852632E-01;
         2460  1104 -4.4906000E+00  8.8852632E-01;
         2461  1104 -4.0415000E+00  8.8852632E-01;
         2462  1104 -3.5925000E+00  8.8852632E-01;
         2463  1104 -3.1434000E+00  8.8852632E-01;
         2464  1104 -2.6943000E+00  8.8852632E-01;
         2465  1104 -2.2453000E+00  8.8852632E-01;
         2466  1104 -1.7962000E+00  8.8852632E-01;
         2467  1104 -1.3472000E+00  8.8852632E-01;
         2468  1104 -8.9810000E-01  8.8852632E-01;
         2469  1104 -4.4900000E-01  8.8852632E-01;
         2470  1263 -7.9817900E+01  9.9967710E-01;
         2471  1263 -7.9296300E+01  9.9967710E-01;
         2472  1263 -7.8774600E+01  9.9967710E-01;
         2473  1263 -7.8252900E+01  9.9967710E-01;
         2474  1263 -7.7731200E+01  9.9967710E-01;
         2475  1263 -7.7209500E+01  9.9967710E-01;
         2476  1263 -7.6687800E+01  9.9967710E-01;
         2477  1263 -7.6166100E+01  9.9967710E-01;
         2478  1263 -7.5644500E+01  9.9967710E-01;
         2479  1263 -7.5122800E+01  9.9967710E-01;
         2480  1263 -7.4601100E+01  9.9967710E-01;
         2481  1263 -7.4079400E+01  9.9967710E-01;
         2482  1263 -7.3557700E+01  9.9967710E-01;
         2483  1263 -7.3036000E+01  9.9967710E-01;
         2484  1263 -7.2514300E+01  9.9967710E-01;
         2485  1263 -7.1992700E+01  9.9967710E-01;
         2486  1263 -7.1471000E+01  9.9967710E-01;
         2487  1263 -7.0949300E+01  9.9967710E-01;
         2488  1263 -7.0427600E+01  9.9967710E-01;
         2489  1263 -6.9905900E+01  9.9967710E-01;
         2490  1263 -6.9384200E+01  9.9967710E-01;
         2491  1263 -6.8862500E+01  9.9967710E-01;
         2492  1263 -6.8340900E+01  9.9967710E-01;
         2493  1263 -6.7819200E+01  9.9967710E-01;
         2494  1263 -6.7297500E+01  9.9967710E-01;
         2495  1263 -6.6775800E+01  9.9967710E-01;
         2496  1263 -6.6254100E+01  9.9967710E-01;
         2497  1263 -6.5732400E+01  9.9967710E-01;
         2498  1263 -6.5210700E+01  9.9967710E-01;
         2499  1263 -6.4689000E+01  9.9967710E-01;
         2500  1263 -6.4167400E+01  9.9967710E-01;
         2501  1263 -6.3645700E+01  9.9967710E-01;
         2502  1263 -6.3124000E+01  9.9967710E-01;
         2503  1263 -6.2602300E+01  9.9967710E-01;
         2504  1263 -6.2080600E+01  9.9967710E-01;
         2505  1263 -6.1558900E+01  9.9967710E-01;
         2506  1263 -6.1037200E+01  9.9967710E-01;
         2507  1263 -6.0515600E+01  9.9967710E-01;
         2508  1263 -5.9993900E+01  9.9967710E-01;
         2509  1263 -5.9472200E+01  9.9967710E-01;
         2510  1263 -5.8950500E+01  9.9967710E-01;
         2511  1263 -5.8428800E+01  9.9967710E-01;
         2512  1263 -5.7907100E+01  9.9967710E-01;
         2513  1263 -5.7385400E+01  9.9967710E-01;
         2514  1263 -5.6863800E+01  9.9967710E-01;
         2515  1263 -5.6342100E+01  9.9967710E-01;
         2516  1263 -5.5820400E+01  9.9967710E-01;
         2517  1263 -5.5298700E+01  9.9967710E-01;
